T1 0 0 0 1 0 0 0 1 0 0 0 1
T2 1 1 1 2 1 1 1 2 1 1 1 2
T3 -1 -1 -1 1 -1 -1 -1 1 -1 -1 -1 1
T4 0 0 0 2 0 0 0 2 0 0 0 2
T5 0 0 0 0 3 0 0 0 3 3 3 3
T6 1 1 0 3 1 0 1 3 0 1 1 2
T7 -2 0 0 -2 2 0 0 2 1 0 0 1
T8 1.5 1.5 1.5 2.5 1.5 1.5 1.5 2.5 1.5 1.5 1.5 2.5
T9 0 0 0 2 0 0 1 1 0 1 1 1
T10 5 5 5 6 5 5 5 6 5 5 5 6
Incorrect11 0 0 0 0 0 0 0 0 0 0 0 0   
Incorrect12 0 0 0 1 1 1 2 2           
Incorrect13 0 0 0 1 1 1 2 2 2 3 3 z   
Incorrect14 0 0 0 1 1 1 2 2 2 3 3 3 4 
Incorrect15 1 1                       
